400121
400171
400336
400395
400415
400432
400446
400686
400819
400922
400949
401106
401206
401423
401638
401811
401890
402015
402037
402169
402198
402326
402425
402576
402592
402653
402766
402875
402931
402950
402989
403051
403183
403227
403269
403354
403660
403798
404009
404117
404297
404421
404474
404638
404695
405019
405101
405170
405379
405435
405514
405597
405858
405871
406056
406131
406322
406526
406601
406794
406857
406915
407101
407137
407365
407410
407524
407716
407833
407952
408047
408181
408281
408293
408490
408570
408691
408873
408985
409135
409167
409239
409431
409586
409768
409887
409974
410018
410225
410237
410316
410446
410462
410565
410749
410837
410878
411101
411196
411325
411358
411603
411610
411651
411690
411870
411973
412181
412336
412375
412619
412711
412859
413093
413114
413184
413332
413564
413589
413625
413737
413793
414067
414091
414144
414278
414331
414393
414520
414647
414762
414840
414928
414982
415048
415109
415213
415259
415560
415651
415781
415851
416060
416079
416163
416214
416278
416532
416615
416715
416789
416915
416962
416999
417036
417058
417155
417230
417413
417516
417684
417772
417894
418029
418078
418248
418259
418274
418319
418369
418540
418555
418579
418702
418834
418954
419073
419235
419265
419425
419517
419533
419648
419730
419834
419889
419907
420038
420073
420082
420099
420195
420244
420275
420292
420304
420332
420338
420374
420405
420430
420450
420471
420506
420575
420642
420687
420746
420868
420890
420900
420964
421018
421048
421183
421239
421274
421278
421300
421423
421460
421474
421569
421600
421708
421748
421782
421789
421830
421978
422095
422305
422503
422649
422814
423022
423143
423151
423291
423334
423419
423541
423551
423666
423740
423758
423973
424157
424269
424319
424326
424361
424454
424584
424704
424793
424799
424816
424944
424964
424972
425054
425069
425189
425219
425375
425552
425749
425796
425844
425960
426116
426182
426215
426261
426434
426604
426691
426883
427003
427064
427247
427469
427541
427676
427722
427845
427934
428068
428118
428201
428308
428559
428641
428819
428994
429092
429140
429263
429430
429530
429832
430048
430318
430336
430527
430626
430705
430740
430770
430854
431046
431208
431306
431390
431520
431537
431610
431745
431912
432058
432163
432236
432310
432415
432685
432891
432941
433068
433149
433286
433449
433503
433594
433773
433858
434007
434128
434571
434656
434723
434829
434946
434973
435223
435235
435549
435575
435658
435725
435930
436134
436259
436413
436534
436635
436907
436968
437130
437249
437298
437451
437460
437557
437672
437795
437994
438056
438134
438261
438399
438434
438547
438723
438878
439008
439198
439241
439270
439353
439486
439682
439943
440091
440179
440237
440267
440428
440492
440688
440757
440815
441055
441109
441247
441275
441504
441584
441606
441625
441677
441859
442084
442287
442480
442587
442712
442955
443133
443230
443314
443407
443614
443684
443766
443835
443919
444102
444342
444437
444517
444600
444695
444892
445078
445164
445314
445482
445563
445714
445779
445933
446174
446291
446384
446502
446632
446844
447037
447095
447247
447436
447587
447798
447961
448083
448150
448285
448316
448370
448567
448688
448895
448937
448998
449092
449290
449469
449478
449761
449816
450022
450069
450096
450143
450155
450197
450317
450548
450646
450676
450830
450839
450888
450997
451256
451409
451540
451602
451613
451724
451830
451887